[10,28], [10,29], [10,32], [11,29], [11,30], [11,33]

[12,31], [12,32], [12,36], [13,32], [13,33], [13,37]

[14,33], [14,34], [14,38], [15,35], [15,36], [15,41]

[16,36], [16,37], [16,42], [17,37], [17,38], [17,43]

[18,38], [18,39], [18,44], [19,41], [19,46]

[20,41], [20,42], [20,47], [21,42], [21,43], [21,48]

[22,43], [22,44], [22,49], [23,44], [23,45], [23,50]

[24,46], [24,47], [24,51], [26,48], [26,49], [26,53]

[25,47], [25,48], [25,52], [27,49], [27,50], [27,54]

[28,60], [29,61], [30,62]

[31,60], [31,65]

[32,60], [32,61], [32,66]

[33,61], [33,62], [33,67]

[34,62], [34,68]

[35,65], [35,71]

[36,65], [36,66], [36,72]

[37,66], [37,67], [37,73]

[38,67], [38,68], [38,74]

[39,68], [39,75]

[40,71], [40,77]

[41,71], [41,72], [41,78]

[42,72], [42,73], [42,79]

[43,73], [43,74], [43,80]

[44,74], [44,75], [44,81]

[45,75], [45,82]

[46,77], [46,78], [46,83]

[47,78], [47,79], [47,84]

[48,79], [48,80], [48,85]

[49,80], [49,81], [49,86]

[50,81], [50,82], [50,87]

[51,83], [51,84]

[52,84], [52,85]

[53,85], [53,86]

[54,86], [54,87]

[60,92], [60,95]

[62,93], [62,96]

[66,95], [66,100]

[67,96], [67,101]

[68,96], [68,97], [68,102]

[71,98], [71,99]

[72,99], [72,100]

[73,100], [73,101], [73,104]

[74,101], [74,102]

[75,102], [75,103]

[79,104], [79,105]

[80,104], [80,106]

[84,105], [84,107]

[86,106], [86,109]

[95,110], [95,113]

[96,111], [96,115]

[99,112], [99,113]

[100,113], [100,114], [100,117]

[101,114]
[101,115]
[101,118]

[102,115]
[102,116]

[104,117]
[104,118]
[104,119]

[105,119]
[105,120]

[106,119]
[106,121]

[123,126]
[124,127]
[128,129]
